# calibration data of camera 01

cam1_invpol : [3.238158521883823e+02, -1.930767291422675e+03, 4.601144182854204e+03, -5.560761004269520e+03, 3.693518957259110e+03, -1.657284069823215e+03, -3.329876793792648e+02, 1.518629802479202e+03]
cam1_mapcoef : [1.164633844688357e+03, 0, -4.064125635725902e-04, 2.242003559495454e-07, -1.768735673697023e-10]
cam1_yc : 1.109742556860122e+03
cam1_xc : 1.625272336923158e+03
cam1_c: 1
cam1_d : 0
cam1_e : 0

# calibration data of camera 02
cam2_invpol : [1.120240258955827e+02, -5.721156714653526e+02, 1.454396916296570e+03, -2.352480292522015e+03, 2.227797921116789e+03, -2.135576488586450e+03, 1.926048423867922e+03]
cam2_mapcoef : [1.163927778237540e+03, 0, -1.401968790024979e-04, -3.571517479736770e-07, 1.470530625726850e-10]
cam2_yc : 1.151649982085320e+03
cam2_xc : 1.638023574818587e+03
cam2_c: 1
cam2_d : 0
cam2_e : 0
